-0.00143933
-0.000924
-0.00105151
-0.00180003
-0.000491894
-0.000805949
-0.00194284
-0.000596364
-0.000480889
-0.000823106
-0.000783286
-0.00178594
-0.000731725
-0.000789309
-0.000798234
-0.000821192
0.0265246
4.43275e-05
-0.000696065
-0.000874729
-0.000641182
-0.00082172
-0.000660374
-0.000816493
-0.00064485
-0.000668238
-0.000765823
-0.000687223
-0.000797278
-0.000662059
-0.000104131
-0.000817942
-0.000751601
-0.000586396
-0.000266737
-0.000807398
-0.000712497
-0.000700601
-0.000783787
-0.000550008
-0.00123111
-0.000169862
-0.000794996
0.136378
-0.000460459
-0.000843921
-0.000772602
-0.00081946
-0.00156331
-0.00109335
-0.00113709
-0.00063727
-0.00104658
-0.00139095
-0.000438919
-0.00094996
-0.00115771
-0.00108345
-0.000569179
-0.00103384
-0.000608766
-0.000879296
0.0885749
-0.000524336
-0.00107753
-0.00136815
-0.000799628
-0.000261031
-0.000790015
-0.000804029
-0.00118657
-0.000730596
-0.00082216
-0.00107639
-0.000670618
-0.000265014
-0.00105668
-0.000715364
-0.000592302
-0.000936733
-0.00118044
-0.000465846
-0.00101039
-0.00049159
-0.000587809
-0.000922993
-0.000523757
-0.00113496
-0.000754649
-0.000987335
-0.000780432
-0.000558693
-0.000719638
-0.000356569
-0.000320914
-0.000810957
-0.000714108
-0.000849996
-0.00124117
-0.000814819
-0.000685239
-0.00121752
-0.000348461
-0.000418073
-0.000614719
-0.00112518
-0.000792736
0.000190322
-6.87062e-05
-0.000981321
-0.00112109
-0.00136487
-0.000717766
-0.000820038
-0.000977652
-0.000327422
-0.000760949
-0.0010487
-0.000983304
-0.000315865
-0.000271444
-0.000894244
-0.000784709
-0.000239961
-0.000592662
-0.00156155
-0.00170426
-0.000808841
-0.00032043
-0.000834452
-0.00161616
-0.000775675
-0.000654045
-0.00103771
-0.000436174
-0.00126399
-0.00111283
-0.000299142
-0.000985474
-0.000721793
-0.000601947
-0.000880764
-0.000369853
-0.000778238
-0.000734606
-0.000736509
-0.000559069
-0.000896263
-0.00065447
-0.000511237
-0.000998049
-0.000686045
-0.00120878
-0.00107715
-0.00107585
-0.000824328
-0.000833203
-0.000417648
-0.000203329
-0.00100144
-0.000146552
-0.00152618
-0.000631939
-5.57234e-05
-0.000898462
5.4239e-05
-0.000756989
-0.000735535
-0.000501231
-0.000260119
-0.000991992
0.000134916
-0.000710245
-0.000765017
-0.00127283
-0.000692697
-0.00161442
-0.00143698
-0.000636119
-0.000837249
-0.00123081
-0.000710863
-0.000899123
-0.000806854
-0.000533213
-0.000722052
-0.00150709
-0.000599368
-0.00119249
-0.000785027
-0.00131338
-0.000954343
0.0212593
-0.000798495
-0.000601285
-0.000530256
-0.000985137
-0.000749622
-0.00135985
-0.000713741
-0.00150276
-0.000102272
-0.000749958
-0.000482133
-0.000432365
-0.0014235
-0.00119858
-0.000892964
0.000152084
-0.00106073
5.07304e-05
-0.00115107
-0.000802275
-0.000772117
-0.000816363
-0.000767151
-0.000858352
-0.000939331
-0.00110136
0.297004
-0.00119227
-0.000813232
-0.000810942
-0.000252107
-0.000863362
-0.000703588
-0.000859956
-0.00123014
-0.00134174
-0.000891336
-0.000706441
-0.000776793
-0.000780705
0.000274113
-0.000784586
-0.000714103
-0.00176075
0.105246
0.0268218
-0.000315207
-0.000820517
-0.000677308
-0.00124783
-0.000654219
-0.000779456
-0.000574173
-0.000735718
-0.000832816
-4.23591e-05
-0.000884887
-0.00102112
-0.000453703
-0.000997699
-0.000787483
-0.000812606
-0.000773512
0.0354013
-0.000785156
-0.000553487
-0.00143919
-0.00158215
-0.000828453
-0.000637235
-0.000951419
3.74416e-05
-0.000802037
-0.00107983
-4.80158e-05
-0.000486213
-0.000819875
-0.00111245
-0.000791217
-0.000848486
-0.00100424
-0.000233035
-4.23313e-05
-0.000998794
-0.000846196
-0.000685981
-0.000217877
-0.00068932
-0.000868892
-0.00037426
-0.00125774
-0.000769639
-0.00145497
-0.00143445
-0.000920622
-0.000210078
-0.00171317
-0.000751967
-0.00100735
-0.00131206
-0.000865392
-0.000638038
-9.7939e-05
-0.000957262
-0.000760897
-0.000487396
-0.000317555
-0.000686141
-0.000651285
-0.00132494
-0.000778835
-0.000571972
-0.000344356
6.86653e-05
-0.000892917
-0.000848306
-0.000167346
-0.00114577
-0.000690292
-0.000774266
-0.000756123
-0.00110338
-0.00100483
-0.000624612
-0.00082346
-0.000709507
-0.000770542
-0.000776321
-0.00120908
-0.00078564
-0.000934825
-0.000660791
-0.00159065
-0.000768847
-0.00083763
-0.000901647
-0.000191029
0.0536203
-0.000712609
-0.000595204
-0.000369131
-0.000767134
-0.000663284
-0.000854119
-0.000799415
-0.00086847
-0.000617757
-0.000367141
-0.000906918
-0.000911083
0.261754
-0.000822774
-0.000774544
-0.000896021
-0.000676004
-0.000805296
-0.000740129
-0.000847543
-0.000409675
-0.00153204
-0.000975314
-0.00109766
-0.000772013
-0.00094904
-0.000798096
-0.000816442
-0.000878296
-0.000812017
-0.00120141
-0.000758455
-0.000405353
-0.000826729
-0.00174578
-0.000858076
-0.00208059
-0.000100764
-0.0013386
-0.000718844
-0.000786626
-0.000492091
-0.000843299
-0.000990196
-7.42793e-05
-0.000791902
-0.000733902
-0.000744625
-0.000675976
-0.000628151
-0.00079863
-0.000654801
-0.00091011
-0.000926579
0.000246304
-0.000545425
-0.000793125
-0.000856228
-0.000709852
-0.000745032
-0.000748752
-0.000994982
-0.000673803
-0.00081043
-0.00117709
-0.00118163
-4.49593e-05
-0.0014268
-0.000456224
-0.00183102
0.135121
-0.000806183
-0.000122054
-0.000560887
-0.000843782
-0.00118779
-0.000447727
-0.000188083
-0.000904107
-0.000779374
-0.000793779
-0.00106421
-0.000816485
0.000121502
-0.000790932
-0.00122015
-0.000742131
-0.000374744
-0.000524892
-0.00137262
-0.00199966
-0.000576151
-0.000642698
-0.000488594
-0.00109526
-0.000746168
-0.000119728
-1.8592e-06
-0.00101319
-0.000778448
-0.0011377
4.68746e-05
-0.000996916
-0.000596864
-0.000949261
-0.000868445
-0.000896501
-0.000874495
-0.000178216
-0.0011935
-0.000460187
-0.00142621
-0.00115289
0.000708812
-0.00092897
-0.00174271
-0.000244834
-0.000428835
-0.00080619
0.200247
-0.000617801
-0.00114341
-5.47084e-05
-0.000815469
-0.000907716
-4.05269e-05
-0.000708835
-0.00080812
-0.000832452
-0.000142132
-0.000799471
-0.0011931
-0.00080408
0.000233937
-0.000899726
-0.000818202
-0.00112993
-0.000729418
-0.00105352
-0.00106653
-0.000849344
-0.00100443
-0.000896077
-0.000813918
-0.000715271
-0.00142033
-0.00133993
-0.00109247
-0.000799484
-0.00114476
-0.00134156
-0.00073238
-0.000842163
-0.000113168
-0.00172069
-0.00124849
-0.000749533
-0.00109365
-0.000895706
-0.00206737
-0.000636025
-0.000896939
-0.000664229
-0.000806037
-0.000373546
-0.000900395
-0.000606045
-0.000811338
-0.000923758
-0.0430274
-0.0161538
-0.00237847
-0.0458354
0.00458207
0
0
0
0
0
0
0
